2000000 total keys
1996000 good keys
4000 bad keys
Indicies of bad keys follow:
0
500
1000
1500
2000
2500
3000
3500
4000
4500
5000
5500
6000
6500
7000
7500
8000
8500
9000
9500
10000
10500
11000
11500
12000
12500
13000
13500
14000
14500
15000
15500
16000
16500
17000
17500
18000
18500
19000
19500
20000
20500
21000
21500
22000
22500
23000
23500
24000
24500
25000
25500
26000
26500
27000
27500
28000
28500
29000
29500
30000
30500
31000
31500
32000
32500
33000
33500
34000
34500
35000
35500
36000
36500
37000
37500
38000
38500
39000
39500
40000
40500
41000
41500
42000
42500
43000
43500
44000
44500
45000
45500
46000
46500
47000
47500
48000
48500
49000
49500
50000
50500
51000
51500
52000
52500
53000
53500
54000
54500
55000
55500
56000
56500
57000
57500
58000
58500
59000
59500
60000
60500
61000
61500
62000
62500
63000
63500
64000
64500
65000
65500
66000
66500
67000
67500
68000
68500
69000
69500
70000
70500
71000
71500
72000
72500
73000
73500
74000
74500
75000
75500
76000
76500
77000
77500
78000
78500
79000
79500
80000
80500
81000
81500
82000
82500
83000
83500
84000
84500
85000
85500
86000
86500
87000
87500
88000
88500
89000
89500
90000
90500
91000
91500
92000
92500
93000
93500
94000
94500
95000
95500
96000
96500
97000
97500
98000
98500
99000
99500
100000
100500
101000
101500
102000
102500
103000
103500
104000
104500
105000
105500
106000
106500
107000
107500
108000
108500
109000
109500
110000
110500
111000
111500
112000
112500
113000
113500
114000
114500
115000
115500
116000
116500
117000
117500
118000
118500
119000
119500
120000
120500
121000
121500
122000
122500
123000
123500
124000
124500
125000
125500
126000
126500
127000
127500
128000
128500
129000
129500
130000
130500
131000
131500
132000
132500
133000
133500
134000
134500
135000
135500
136000
136500
137000
137500
138000
138500
139000
139500
140000
140500
141000
141500
142000
142500
143000
143500
144000
144500
145000
145500
146000
146500
147000
147500
148000
148500
149000
149500
150000
150500
151000
151500
152000
152500
153000
153500
154000
154500
155000
155500
156000
156500
157000
157500
158000
158500
159000
159500
160000
160500
161000
161500
162000
162500
163000
163500
164000
164500
165000
165500
166000
166500
167000
167500
168000
168500
169000
169500
170000
170500
171000
171500
172000
172500
173000
173500
174000
174500
175000
175500
176000
176500
177000
177500
178000
178500
179000
179500
180000
180500
181000
181500
182000
182500
183000
183500
184000
184500
185000
185500
186000
186500
187000
187500
188000
188500
189000
189500
190000
190500
191000
191500
192000
192500
193000
193500
194000
194500
195000
195500
196000
196500
197000
197500
198000
198500
199000
199500
200000
200500
201000
201500
202000
202500
203000
203500
204000
204500
205000
205500
206000
206500
207000
207500
208000
208500
209000
209500
210000
210500
211000
211500
212000
212500
213000
213500
214000
214500
215000
215500
216000
216500
217000
217500
218000
218500
219000
219500
220000
220500
221000
221500
222000
222500
223000
223500
224000
224500
225000
225500
226000
226500
227000
227500
228000
228500
229000
229500
230000
230500
231000
231500
232000
232500
233000
233500
234000
234500
235000
235500
236000
236500
237000
237500
238000
238500
239000
239500
240000
240500
241000
241500
242000
242500
243000
243500
244000
244500
245000
245500
246000
246500
247000
247500
248000
248500
249000
249500
250000
250500
251000
251500
252000
252500
253000
253500
254000
254500
255000
255500
256000
256500
257000
257500
258000
258500
259000
259500
260000
260500
261000
261500
262000
262500
263000
263500
264000
264500
265000
265500
266000
266500
267000
267500
268000
268500
269000
269500
270000
270500
271000
271500
272000
272500
273000
273500
274000
274500
275000
275500
276000
276500
277000
277500
278000
278500
279000
279500
280000
280500
281000
281500
282000
282500
283000
283500
284000
284500
285000
285500
286000
286500
287000
287500
288000
288500
289000
289500
290000
290500
291000
291500
292000
292500
293000
293500
294000
294500
295000
295500
296000
296500
297000
297500
298000
298500
299000
299500
300000
300500
301000
301500
302000
302500
303000
303500
304000
304500
305000
305500
306000
306500
307000
307500
308000
308500
309000
309500
310000
310500
311000
311500
312000
312500
313000
313500
314000
314500
315000
315500
316000
316500
317000
317500
318000
318500
319000
319500
320000
320500
321000
321500
322000
322500
323000
323500
324000
324500
325000
325500
326000
326500
327000
327500
328000
328500
329000
329500
330000
330500
331000
331500
332000
332500
333000
333500
334000
334500
335000
335500
336000
336500
337000
337500
338000
338500
339000
339500
340000
340500
341000
341500
342000
342500
343000
343500
344000
344500
345000
345500
346000
346500
347000
347500
348000
348500
349000
349500
350000
350500
351000
351500
352000
352500
353000
353500
354000
354500
355000
355500
356000
356500
357000
357500
358000
358500
359000
359500
360000
360500
361000
361500
362000
362500
363000
363500
364000
364500
365000
365500
366000
366500
367000
367500
368000
368500
369000
369500
370000
370500
371000
371500
372000
372500
373000
373500
374000
374500
375000
375500
376000
376500
377000
377500
378000
378500
379000
379500
380000
380500
381000
381500
382000
382500
383000
383500
384000
384500
385000
385500
386000
386500
387000
387500
388000
388500
389000
389500
390000
390500
391000
391500
392000
392500
393000
393500
394000
394500
395000
395500
396000
396500
397000
397500
398000
398500
399000
399500
400000
400500
401000
401500
402000
402500
403000
403500
404000
404500
405000
405500
406000
406500
407000
407500
408000
408500
409000
409500
410000
410500
411000
411500
412000
412500
413000
413500
414000
414500
415000
415500
416000
416500
417000
417500
418000
418500
419000
419500
420000
420500
421000
421500
422000
422500
423000
423500
424000
424500
425000
425500
426000
426500
427000
427500
428000
428500
429000
429500
430000
430500
431000
431500
432000
432500
433000
433500
434000
434500
435000
435500
436000
436500
437000
437500
438000
438500
439000
439500
440000
440500
441000
441500
442000
442500
443000
443500
444000
444500
445000
445500
446000
446500
447000
447500
448000
448500
449000
449500
450000
450500
451000
451500
452000
452500
453000
453500
454000
454500
455000
455500
456000
456500
457000
457500
458000
458500
459000
459500
460000
460500
461000
461500
462000
462500
463000
463500
464000
464500
465000
465500
466000
466500
467000
467500
468000
468500
469000
469500
470000
470500
471000
471500
472000
472500
473000
473500
474000
474500
475000
475500
476000
476500
477000
477500
478000
478500
479000
479500
480000
480500
481000
481500
482000
482500
483000
483500
484000
484500
485000
485500
486000
486500
487000
487500
488000
488500
489000
489500
490000
490500
491000
491500
492000
492500
493000
493500
494000
494500
495000
495500
496000
496500
497000
497500
498000
498500
499000
499500
500000
500500
501000
501500
502000
502500
503000
503500
504000
504500
505000
505500
506000
506500
507000
507500
508000
508500
509000
509500
510000
510500
511000
511500
512000
512500
513000
513500
514000
514500
515000
515500
516000
516500
517000
517500
518000
518500
519000
519500
520000
520500
521000
521500
522000
522500
523000
523500
524000
524500
525000
525500
526000
526500
527000
527500
528000
528500
529000
529500
530000
530500
531000
531500
532000
532500
533000
533500
534000
534500
535000
535500
536000
536500
537000
537500
538000
538500
539000
539500
540000
540500
541000
541500
542000
542500
543000
543500
544000
544500
545000
545500
546000
546500
547000
547500
548000
548500
549000
549500
550000
550500
551000
551500
552000
552500
553000
553500
554000
554500
555000
555500
556000
556500
557000
557500
558000
558500
559000
559500
560000
560500
561000
561500
562000
562500
563000
563500
564000
564500
565000
565500
566000
566500
567000
567500
568000
568500
569000
569500
570000
570500
571000
571500
572000
572500
573000
573500
574000
574500
575000
575500
576000
576500
577000
577500
578000
578500
579000
579500
580000
580500
581000
581500
582000
582500
583000
583500
584000
584500
585000
585500
586000
586500
587000
587500
588000
588500
589000
589500
590000
590500
591000
591500
592000
592500
593000
593500
594000
594500
595000
595500
596000
596500
597000
597500
598000
598500
599000
599500
600000
600500
601000
601500
602000
602500
603000
603500
604000
604500
605000
605500
606000
606500
607000
607500
608000
608500
609000
609500
610000
610500
611000
611500
612000
612500
613000
613500
614000
614500
615000
615500
616000
616500
617000
617500
618000
618500
619000
619500
620000
620500
621000
621500
622000
622500
623000
623500
624000
624500
625000
625500
626000
626500
627000
627500
628000
628500
629000
629500
630000
630500
631000
631500
632000
632500
633000
633500
634000
634500
635000
635500
636000
636500
637000
637500
638000
638500
639000
639500
640000
640500
641000
641500
642000
642500
643000
643500
644000
644500
645000
645500
646000
646500
647000
647500
648000
648500
649000
649500
650000
650500
651000
651500
652000
652500
653000
653500
654000
654500
655000
655500
656000
656500
657000
657500
658000
658500
659000
659500
660000
660500
661000
661500
662000
662500
663000
663500
664000
664500
665000
665500
666000
666500
667000
667500
668000
668500
669000
669500
670000
670500
671000
671500
672000
672500
673000
673500
674000
674500
675000
675500
676000
676500
677000
677500
678000
678500
679000
679500
680000
680500
681000
681500
682000
682500
683000
683500
684000
684500
685000
685500
686000
686500
687000
687500
688000
688500
689000
689500
690000
690500
691000
691500
692000
692500
693000
693500
694000
694500
695000
695500
696000
696500
697000
697500
698000
698500
699000
699500
700000
700500
701000
701500
702000
702500
703000
703500
704000
704500
705000
705500
706000
706500
707000
707500
708000
708500
709000
709500
710000
710500
711000
711500
712000
712500
713000
713500
714000
714500
715000
715500
716000
716500
717000
717500
718000
718500
719000
719500
720000
720500
721000
721500
722000
722500
723000
723500
724000
724500
725000
725500
726000
726500
727000
727500
728000
728500
729000
729500
730000
730500
731000
731500
732000
732500
733000
733500
734000
734500
735000
735500
736000
736500
737000
737500
738000
738500
739000
739500
740000
740500
741000
741500
742000
742500
743000
743500
744000
744500
745000
745500
746000
746500
747000
747500
748000
748500
749000
749500
750000
750500
751000
751500
752000
752500
753000
753500
754000
754500
755000
755500
756000
756500
757000
757500
758000
758500
759000
759500
760000
760500
761000
761500
762000
762500
763000
763500
764000
764500
765000
765500
766000
766500
767000
767500
768000
768500
769000
769500
770000
770500
771000
771500
772000
772500
773000
773500
774000
774500
775000
775500
776000
776500
777000
777500
778000
778500
779000
779500
780000
780500
781000
781500
782000
782500
783000
783500
784000
784500
785000
785500
786000
786500
787000
787500
788000
788500
789000
789500
790000
790500
791000
791500
792000
792500
793000
793500
794000
794500
795000
795500
796000
796500
797000
797500
798000
798500
799000
799500
800000
800500
801000
801500
802000
802500
803000
803500
804000
804500
805000
805500
806000
806500
807000
807500
808000
808500
809000
809500
810000
810500
811000
811500
812000
812500
813000
813500
814000
814500
815000
815500
816000
816500
817000
817500
818000
818500
819000
819500
820000
820500
821000
821500
822000
822500
823000
823500
824000
824500
825000
825500
826000
826500
827000
827500
828000
828500
829000
829500
830000
830500
831000
831500
832000
832500
833000
833500
834000
834500
835000
835500
836000
836500
837000
837500
838000
838500
839000
839500
840000
840500
841000
841500
842000
842500
843000
843500
844000
844500
845000
845500
846000
846500
847000
847500
848000
848500
849000
849500
850000
850500
851000
851500
852000
852500
853000
853500
854000
854500
855000
855500
856000
856500
857000
857500
858000
858500
859000
859500
860000
860500
861000
861500
862000
862500
863000
863500
864000
864500
865000
865500
866000
866500
867000
867500
868000
868500
869000
869500
870000
870500
871000
871500
872000
872500
873000
873500
874000
874500
875000
875500
876000
876500
877000
877500
878000
878500
879000
879500
880000
880500
881000
881500
882000
882500
883000
883500
884000
884500
885000
885500
886000
886500
887000
887500
888000
888500
889000
889500
890000
890500
891000
891500
892000
892500
893000
893500
894000
894500
895000
895500
896000
896500
897000
897500
898000
898500
899000
899500
900000
900500
901000
901500
902000
902500
903000
903500
904000
904500
905000
905500
906000
906500
907000
907500
908000
908500
909000
909500
910000
910500
911000
911500
912000
912500
913000
913500
914000
914500
915000
915500
916000
916500
917000
917500
918000
918500
919000
919500
920000
920500
921000
921500
922000
922500
923000
923500
924000
924500
925000
925500
926000
926500
927000
927500
928000
928500
929000
929500
930000
930500
931000
931500
932000
932500
933000
933500
934000
934500
935000
935500
936000
936500
937000
937500
938000
938500
939000
939500
940000
940500
941000
941500
942000
942500
943000
943500
944000
944500
945000
945500
946000
946500
947000
947500
948000
948500
949000
949500
950000
950500
951000
951500
952000
952500
953000
953500
954000
954500
955000
955500
956000
956500
957000
957500
958000
958500
959000
959500
960000
960500
961000
961500
962000
962500
963000
963500
964000
964500
965000
965500
966000
966500
967000
967500
968000
968500
969000
969500
970000
970500
971000
971500
972000
972500
973000
973500
974000
974500
975000
975500
976000
976500
977000
977500
978000
978500
979000
979500
980000
980500
981000
981500
982000
982500
983000
983500
984000
984500
985000
985500
986000
986500
987000
987500
988000
988500
989000
989500
990000
990500
991000
991500
992000
992500
993000
993500
994000
994500
995000
995500
996000
996500
997000
997500
998000
998500
999000
999500
1000000
1000500
1001000
1001500
1002000
1002500
1003000
1003500
1004000
1004500
1005000
1005500
1006000
1006500
1007000
1007500
1008000
1008500
1009000
1009500
1010000
1010500
1011000
1011500
1012000
1012500
1013000
1013500
1014000
1014500
1015000
1015500
1016000
1016500
1017000
1017500
1018000
1018500
1019000
1019500
1020000
1020500
1021000
1021500
1022000
1022500
1023000
1023500
1024000
1024500
1025000
1025500
1026000
1026500
1027000
1027500
1028000
1028500
1029000
1029500
1030000
1030500
1031000
1031500
1032000
1032500
1033000
1033500
1034000
1034500
1035000
1035500
1036000
1036500
1037000
1037500
1038000
1038500
1039000
1039500
1040000
1040500
1041000
1041500
1042000
1042500
1043000
1043500
1044000
1044500
1045000
1045500
1046000
1046500
1047000
1047500
1048000
1048500
1049000
1049500
1050000
1050500
1051000
1051500
1052000
1052500
1053000
1053500
1054000
1054500
1055000
1055500
1056000
1056500
1057000
1057500
1058000
1058500
1059000
1059500
1060000
1060500
1061000
1061500
1062000
1062500
1063000
1063500
1064000
1064500
1065000
1065500
1066000
1066500
1067000
1067500
1068000
1068500
1069000
1069500
1070000
1070500
1071000
1071500
1072000
1072500
1073000
1073500
1074000
1074500
1075000
1075500
1076000
1076500
1077000
1077500
1078000
1078500
1079000
1079500
1080000
1080500
1081000
1081500
1082000
1082500
1083000
1083500
1084000
1084500
1085000
1085500
1086000
1086500
1087000
1087500
1088000
1088500
1089000
1089500
1090000
1090500
1091000
1091500
1092000
1092500
1093000
1093500
1094000
1094500
1095000
1095500
1096000
1096500
1097000
1097500
1098000
1098500
1099000
1099500
1100000
1100500
1101000
1101500
1102000
1102500
1103000
1103500
1104000
1104500
1105000
1105500
1106000
1106500
1107000
1107500
1108000
1108500
1109000
1109500
1110000
1110500
1111000
1111500
1112000
1112500
1113000
1113500
1114000
1114500
1115000
1115500
1116000
1116500
1117000
1117500
1118000
1118500
1119000
1119500
1120000
1120500
1121000
1121500
1122000
1122500
1123000
1123500
1124000
1124500
1125000
1125500
1126000
1126500
1127000
1127500
1128000
1128500
1129000
1129500
1130000
1130500
1131000
1131500
1132000
1132500
1133000
1133500
1134000
1134500
1135000
1135500
1136000
1136500
1137000
1137500
1138000
1138500
1139000
1139500
1140000
1140500
1141000
1141500
1142000
1142500
1143000
1143500
1144000
1144500
1145000
1145500
1146000
1146500
1147000
1147500
1148000
1148500
1149000
1149500
1150000
1150500
1151000
1151500
1152000
1152500
1153000
1153500
1154000
1154500
1155000
1155500
1156000
1156500
1157000
1157500
1158000
1158500
1159000
1159500
1160000
1160500
1161000
1161500
1162000
1162500
1163000
1163500
1164000
1164500
1165000
1165500
1166000
1166500
1167000
1167500
1168000
1168500
1169000
1169500
1170000
1170500
1171000
1171500
1172000
1172500
1173000
1173500
1174000
1174500
1175000
1175500
1176000
1176500
1177000
1177500
1178000
1178500
1179000
1179500
1180000
1180500
1181000
1181500
1182000
1182500
1183000
1183500
1184000
1184500
1185000
1185500
1186000
1186500
1187000
1187500
1188000
1188500
1189000
1189500
1190000
1190500
1191000
1191500
1192000
1192500
1193000
1193500
1194000
1194500
1195000
1195500
1196000
1196500
1197000
1197500
1198000
1198500
1199000
1199500
1200000
1200500
1201000
1201500
1202000
1202500
1203000
1203500
1204000
1204500
1205000
1205500
1206000
1206500
1207000
1207500
1208000
1208500
1209000
1209500
1210000
1210500
1211000
1211500
1212000
1212500
1213000
1213500
1214000
1214500
1215000
1215500
1216000
1216500
1217000
1217500
1218000
1218500
1219000
1219500
1220000
1220500
1221000
1221500
1222000
1222500
1223000
1223500
1224000
1224500
1225000
1225500
1226000
1226500
1227000
1227500
1228000
1228500
1229000
1229500
1230000
1230500
1231000
1231500
1232000
1232500
1233000
1233500
1234000
1234500
1235000
1235500
1236000
1236500
1237000
1237500
1238000
1238500
1239000
1239500
1240000
1240500
1241000
1241500
1242000
1242500
1243000
1243500
1244000
1244500
1245000
1245500
1246000
1246500
1247000
1247500
1248000
1248500
1249000
1249500
1250000
1250500
1251000
1251500
1252000
1252500
1253000
1253500
1254000
1254500
1255000
1255500
1256000
1256500
1257000
1257500
1258000
1258500
1259000
1259500
1260000
1260500
1261000
1261500
1262000
1262500
1263000
1263500
1264000
1264500
1265000
1265500
1266000
1266500
1267000
1267500
1268000
1268500
1269000
1269500
1270000
1270500
1271000
1271500
1272000
1272500
1273000
1273500
1274000
1274500
1275000
1275500
1276000
1276500
1277000
1277500
1278000
1278500
1279000
1279500
1280000
1280500
1281000
1281500
1282000
1282500
1283000
1283500
1284000
1284500
1285000
1285500
1286000
1286500
1287000
1287500
1288000
1288500
1289000
1289500
1290000
1290500
1291000
1291500
1292000
1292500
1293000
1293500
1294000
1294500
1295000
1295500
1296000
1296500
1297000
1297500
1298000
1298500
1299000
1299500
1300000
1300500
1301000
1301500
1302000
1302500
1303000
1303500
1304000
1304500
1305000
1305500
1306000
1306500
1307000
1307500
1308000
1308500
1309000
1309500
1310000
1310500
1311000
1311500
1312000
1312500
1313000
1313500
1314000
1314500
1315000
1315500
1316000
1316500
1317000
1317500
1318000
1318500
1319000
1319500
1320000
1320500
1321000
1321500
1322000
1322500
1323000
1323500
1324000
1324500
1325000
1325500
1326000
1326500
1327000
1327500
1328000
1328500
1329000
1329500
1330000
1330500
1331000
1331500
1332000
1332500
1333000
1333500
1334000
1334500
1335000
1335500
1336000
1336500
1337000
1337500
1338000
1338500
1339000
1339500
1340000
1340500
1341000
1341500
1342000
1342500
1343000
1343500
1344000
1344500
1345000
1345500
1346000
1346500
1347000
1347500
1348000
1348500
1349000
1349500
1350000
1350500
1351000
1351500
1352000
1352500
1353000
1353500
1354000
1354500
1355000
1355500
1356000
1356500
1357000
1357500
1358000
1358500
1359000
1359500
1360000
1360500
1361000
1361500
1362000
1362500
1363000
1363500
1364000
1364500
1365000
1365500
1366000
1366500
1367000
1367500
1368000
1368500
1369000
1369500
1370000
1370500
1371000
1371500
1372000
1372500
1373000
1373500
1374000
1374500
1375000
1375500
1376000
1376500
1377000
1377500
1378000
1378500
1379000
1379500
1380000
1380500
1381000
1381500
1382000
1382500
1383000
1383500
1384000
1384500
1385000
1385500
1386000
1386500
1387000
1387500
1388000
1388500
1389000
1389500
1390000
1390500
1391000
1391500
1392000
1392500
1393000
1393500
1394000
1394500
1395000
1395500
1396000
1396500
1397000
1397500
1398000
1398500
1399000
1399500
1400000
1400500
1401000
1401500
1402000
1402500
1403000
1403500
1404000
1404500
1405000
1405500
1406000
1406500
1407000
1407500
1408000
1408500
1409000
1409500
1410000
1410500
1411000
1411500
1412000
1412500
1413000
1413500
1414000
1414500
1415000
1415500
1416000
1416500
1417000
1417500
1418000
1418500
1419000
1419500
1420000
1420500
1421000
1421500
1422000
1422500
1423000
1423500
1424000
1424500
1425000
1425500
1426000
1426500
1427000
1427500
1428000
1428500
1429000
1429500
1430000
1430500
1431000
1431500
1432000
1432500
1433000
1433500
1434000
1434500
1435000
1435500
1436000
1436500
1437000
1437500
1438000
1438500
1439000
1439500
1440000
1440500
1441000
1441500
1442000
1442500
1443000
1443500
1444000
1444500
1445000
1445500
1446000
1446500
1447000
1447500
1448000
1448500
1449000
1449500
1450000
1450500
1451000
1451500
1452000
1452500
1453000
1453500
1454000
1454500
1455000
1455500
1456000
1456500
1457000
1457500
1458000
1458500
1459000
1459500
1460000
1460500
1461000
1461500
1462000
1462500
1463000
1463500
1464000
1464500
1465000
1465500
1466000
1466500
1467000
1467500
1468000
1468500
1469000
1469500
1470000
1470500
1471000
1471500
1472000
1472500
1473000
1473500
1474000
1474500
1475000
1475500
1476000
1476500
1477000
1477500
1478000
1478500
1479000
1479500
1480000
1480500
1481000
1481500
1482000
1482500
1483000
1483500
1484000
1484500
1485000
1485500
1486000
1486500
1487000
1487500
1488000
1488500
1489000
1489500
1490000
1490500
1491000
1491500
1492000
1492500
1493000
1493500
1494000
1494500
1495000
1495500
1496000
1496500
1497000
1497500
1498000
1498500
1499000
1499500
1500000
1500500
1501000
1501500
1502000
1502500
1503000
1503500
1504000
1504500
1505000
1505500
1506000
1506500
1507000
1507500
1508000
1508500
1509000
1509500
1510000
1510500
1511000
1511500
1512000
1512500
1513000
1513500
1514000
1514500
1515000
1515500
1516000
1516500
1517000
1517500
1518000
1518500
1519000
1519500
1520000
1520500
1521000
1521500
1522000
1522500
1523000
1523500
1524000
1524500
1525000
1525500
1526000
1526500
1527000
1527500
1528000
1528500
1529000
1529500
1530000
1530500
1531000
1531500
1532000
1532500
1533000
1533500
1534000
1534500
1535000
1535500
1536000
1536500
1537000
1537500
1538000
1538500
1539000
1539500
1540000
1540500
1541000
1541500
1542000
1542500
1543000
1543500
1544000
1544500
1545000
1545500
1546000
1546500
1547000
1547500
1548000
1548500
1549000
1549500
1550000
1550500
1551000
1551500
1552000
1552500
1553000
1553500
1554000
1554500
1555000
1555500
1556000
1556500
1557000
1557500
1558000
1558500
1559000
1559500
1560000
1560500
1561000
1561500
1562000
1562500
1563000
1563500
1564000
1564500
1565000
1565500
1566000
1566500
1567000
1567500
1568000
1568500
1569000
1569500
1570000
1570500
1571000
1571500
1572000
1572500
1573000
1573500
1574000
1574500
1575000
1575500
1576000
1576500
1577000
1577500
1578000
1578500
1579000
1579500
1580000
1580500
1581000
1581500
1582000
1582500
1583000
1583500
1584000
1584500
1585000
1585500
1586000
1586500
1587000
1587500
1588000
1588500
1589000
1589500
1590000
1590500
1591000
1591500
1592000
1592500
1593000
1593500
1594000
1594500
1595000
1595500
1596000
1596500
1597000
1597500
1598000
1598500
1599000
1599500
1600000
1600500
1601000
1601500
1602000
1602500
1603000
1603500
1604000
1604500
1605000
1605500
1606000
1606500
1607000
1607500
1608000
1608500
1609000
1609500
1610000
1610500
1611000
1611500
1612000
1612500
1613000
1613500
1614000
1614500
1615000
1615500
1616000
1616500
1617000
1617500
1618000
1618500
1619000
1619500
1620000
1620500
1621000
1621500
1622000
1622500
1623000
1623500
1624000
1624500
1625000
1625500
1626000
1626500
1627000
1627500
1628000
1628500
1629000
1629500
1630000
1630500
1631000
1631500
1632000
1632500
1633000
1633500
1634000
1634500
1635000
1635500
1636000
1636500
1637000
1637500
1638000
1638500
1639000
1639500
1640000
1640500
1641000
1641500
1642000
1642500
1643000
1643500
1644000
1644500
1645000
1645500
1646000
1646500
1647000
1647500
1648000
1648500
1649000
1649500
1650000
1650500
1651000
1651500
1652000
1652500
1653000
1653500
1654000
1654500
1655000
1655500
1656000
1656500
1657000
1657500
1658000
1658500
1659000
1659500
1660000
1660500
1661000
1661500
1662000
1662500
1663000
1663500
1664000
1664500
1665000
1665500
1666000
1666500
1667000
1667500
1668000
1668500
1669000
1669500
1670000
1670500
1671000
1671500
1672000
1672500
1673000
1673500
1674000
1674500
1675000
1675500
1676000
1676500
1677000
1677500
1678000
1678500
1679000
1679500
1680000
1680500
1681000
1681500
1682000
1682500
1683000
1683500
1684000
1684500
1685000
1685500
1686000
1686500
1687000
1687500
1688000
1688500
1689000
1689500
1690000
1690500
1691000
1691500
1692000
1692500
1693000
1693500
1694000
1694500
1695000
1695500
1696000
1696500
1697000
1697500
1698000
1698500
1699000
1699500
1700000
1700500
1701000
1701500
1702000
1702500
1703000
1703500
1704000
1704500
1705000
1705500
1706000
1706500
1707000
1707500
1708000
1708500
1709000
1709500
1710000
1710500
1711000
1711500
1712000
1712500
1713000
1713500
1714000
1714500
1715000
1715500
1716000
1716500
1717000
1717500
1718000
1718500
1719000
1719500
1720000
1720500
1721000
1721500
1722000
1722500
1723000
1723500
1724000
1724500
1725000
1725500
1726000
1726500
1727000
1727500
1728000
1728500
1729000
1729500
1730000
1730500
1731000
1731500
1732000
1732500
1733000
1733500
1734000
1734500
1735000
1735500
1736000
1736500
1737000
1737500
1738000
1738500
1739000
1739500
1740000
1740500
1741000
1741500
1742000
1742500
1743000
1743500
1744000
1744500
1745000
1745500
1746000
1746500
1747000
1747500
1748000
1748500
1749000
1749500
1750000
1750500
1751000
1751500
1752000
1752500
1753000
1753500
1754000
1754500
1755000
1755500
1756000
1756500
1757000
1757500
1758000
1758500
1759000
1759500
1760000
1760500
1761000
1761500
1762000
1762500
1763000
1763500
1764000
1764500
1765000
1765500
1766000
1766500
1767000
1767500
1768000
1768500
1769000
1769500
1770000
1770500
1771000
1771500
1772000
1772500
1773000
1773500
1774000
1774500
1775000
1775500
1776000
1776500
1777000
1777500
1778000
1778500
1779000
1779500
1780000
1780500
1781000
1781500
1782000
1782500
1783000
1783500
1784000
1784500
1785000
1785500
1786000
1786500
1787000
1787500
1788000
1788500
1789000
1789500
1790000
1790500
1791000
1791500
1792000
1792500
1793000
1793500
1794000
1794500
1795000
1795500
1796000
1796500
1797000
1797500
1798000
1798500
1799000
1799500
1800000
1800500
1801000
1801500
1802000
1802500
1803000
1803500
1804000
1804500
1805000
1805500
1806000
1806500
1807000
1807500
1808000
1808500
1809000
1809500
1810000
1810500
1811000
1811500
1812000
1812500
1813000
1813500
1814000
1814500
1815000
1815500
1816000
1816500
1817000
1817500
1818000
1818500
1819000
1819500
1820000
1820500
1821000
1821500
1822000
1822500
1823000
1823500
1824000
1824500
1825000
1825500
1826000
1826500
1827000
1827500
1828000
1828500
1829000
1829500
1830000
1830500
1831000
1831500
1832000
1832500
1833000
1833500
1834000
1834500
1835000
1835500
1836000
1836500
1837000
1837500
1838000
1838500
1839000
1839500
1840000
1840500
1841000
1841500
1842000
1842500
1843000
1843500
1844000
1844500
1845000
1845500
1846000
1846500
1847000
1847500
1848000
1848500
1849000
1849500
1850000
1850500
1851000
1851500
1852000
1852500
1853000
1853500
1854000
1854500
1855000
1855500
1856000
1856500
1857000
1857500
1858000
1858500
1859000
1859500
1860000
1860500
1861000
1861500
1862000
1862500
1863000
1863500
1864000
1864500
1865000
1865500
1866000
1866500
1867000
1867500
1868000
1868500
1869000
1869500
1870000
1870500
1871000
1871500
1872000
1872500
1873000
1873500
1874000
1874500
1875000
1875500
1876000
1876500
1877000
1877500
1878000
1878500
1879000
1879500
1880000
1880500
1881000
1881500
1882000
1882500
1883000
1883500
1884000
1884500
1885000
1885500
1886000
1886500
1887000
1887500
1888000
1888500
1889000
1889500
1890000
1890500
1891000
1891500
1892000
1892500
1893000
1893500
1894000
1894500
1895000
1895500
1896000
1896500
1897000
1897500
1898000
1898500
1899000
1899500
1900000
1900500
1901000
1901500
1902000
1902500
1903000
1903500
1904000
1904500
1905000
1905500
1906000
1906500
1907000
1907500
1908000
1908500
1909000
1909500
1910000
1910500
1911000
1911500
1912000
1912500
1913000
1913500
1914000
1914500
1915000
1915500
1916000
1916500
1917000
1917500
1918000
1918500
1919000
1919500
1920000
1920500
1921000
1921500
1922000
1922500
1923000
1923500
1924000
1924500
1925000
1925500
1926000
1926500
1927000
1927500
1928000
1928500
1929000
1929500
1930000
1930500
1931000
1931500
1932000
1932500
1933000
1933500
1934000
1934500
1935000
1935500
1936000
1936500
1937000
1937500
1938000
1938500
1939000
1939500
1940000
1940500
1941000
1941500
1942000
1942500
1943000
1943500
1944000
1944500
1945000
1945500
1946000
1946500
1947000
1947500
1948000
1948500
1949000
1949500
1950000
1950500
1951000
1951500
1952000
1952500
1953000
1953500
1954000
1954500
1955000
1955500
1956000
1956500
1957000
1957500
1958000
1958500
1959000
1959500
1960000
1960500
1961000
1961500
1962000
1962500
1963000
1963500
1964000
1964500
1965000
1965500
1966000
1966500
1967000
1967500
1968000
1968500
1969000
1969500
1970000
1970500
1971000
1971500
1972000
1972500
1973000
1973500
1974000
1974500
1975000
1975500
1976000
1976500
1977000
1977500
1978000
1978500
1979000
1979500
1980000
1980500
1981000
1981500
1982000
1982500
1983000
1983500
1984000
1984500
1985000
1985500
1986000
1986500
1987000
1987500
1988000
1988500
1989000
1989500
1990000
1990500
1991000
1991500
1992000
1992500
1993000
1993500
1994000
1994500
1995000
1995500
1996000
1996500
1997000
1997500
1998000
1998500
1999000
1999500
